Map: metin2_map_a1
101
102
103
104
105
106
107
108
109
110
112
113
114
115
116
118
119
120
121
122
124
125
126
136
138
142
144
151
152
153
154
155
171
172
173
174
175
176
177
178
179
180
181
182
183
184
185
191
192
193
194
302
303
304
305
306
307
308
309
310
313
315
316
317
351
352
393
394
395
396
397
398
8001
8002
8003
8004
8005
9001
9002
9003
9005
9006
9009
9012
10001
11000
11001
20001
20002
20003
20005
20006
20008
20009
20011
20016
20018
20023
20025
20029
20030
20041
20047
20049
20050
20051
20052
20084
20086
20087
20090
20091
20300
20301
20302
20303
20304
20305
20306
20307
20349
20354
20355
20357
20358
20406


Map: metin2_map_a3
305
306
307
308
331
332
333
334
401
402
403
404
405
406
407
408
409
410
411
431
432
433
434
435
436
453
454
455
456
491
492
493
494
501
502
503
504
505
506
507
531
532
533
534
551
552
553
554
591
8005
8006
8007
9001
9002
9003
9005
9006
9012
10002
10020
10067
11000
11001
20009
20010
20012
20014
20015
20016
20017
20019
20020
20021
20022
20024
20025
20029
20030
20042
20047
20049
20050
20051
20052
20053
20054
20093
20349
20364


Map: metin2_map_guild_01
127
128
129
130
131
132
133
134
135
136
9012
10019
20047
20052
20053
20054
20055
20056
20057


Map: metin2_map_monkey_dungeon_11
5001
5002
5003
5004
5005
5006
5007
5101
5103
5104
5161
10068
10501
10502
10503
10504
10505
10506
10507
10508
10509
10510
10511
10512
10513
10514
10515
10516
10517
10518
10519
10520
10521
10522
10523
10524
20352


Map: metin2_guild_village_01
9003
9005
9012
20016


Map: metin2_map_b1
101
102
103
104
105
106
107
108
109
110
112
113
114
115
116
118
119
120
121
122
124
125
126
136
138
142
144
151
152
153
154
155
171
172
173
174
175
176
177
178
179
180
181
182
183
184
185
191
192
193
194
302
303
304
305
306
307
308
309
310
313
315
316
317
351
352
393
394
395
396
397
398
8001
8002
8003
8004
8005
9001
9002
9003
9005
9006
9009
9012
10003
11002
11003
20001
20002
20003
20005
20006
20008
20009
20011
20016
20018
20023
20025
20029
20030
20041
20047
20049
20050
20051
20052
20084
20086
20087
20090
20091
20320
20321
20322
20323
20324
20325
20326
20327
20349
20354
20355
20357
20358
20406


Map: metin2_map_b3
305
306
307
308
331
332
333
334
401
402
403
404
405
406
407
408
409
410
411
431
432
433
434
435
436
453
454
455
456
491
492
493
494
501
502
503
504
505
506
507
531
532
533
534
551
552
553
554
591
8005
8006
8007
9001
9002
9003
9005
9006
9012
10004
10022
10069
11002
11003
20009
20010
20012
20014
20015
20016
20017
20019
20020
20021
20022
20024
20025
20029
20030
20042
20047
20049
20050
20051
20052
20053
20054
20093
20349
20364


Map: metin2_map_guild_02
127
128
129
130
131
132
133
134
135
136
9012
10021
20047
20052
20053
20054
20055
20056
20057


Map: metin2_map_monkey_dungeon_12
5001
5002
5003
5004
5005
5006
5007
5101
5103
5104
5161
10070
10501
10502
10503
10504
10505
10506
10507
10508
10509
10510
10511
10512
10513
10514
10515
10516
10517
10518
10519
10520
10521
10522
10523
10524
20352


Map: metin2_guild_village_02
9003
9005
9012
20016


Map: metin2_map_c1
101
102
103
104
105
106
107
108
109
110
112
113
114
115
116
118
119
120
121
122
124
125
126
136
138
142
144
151
152
153
154
155
171
172
173
174
175
176
177
178
179
180
181
182
183
184
185
191
192
193
194
302
303
304
305
306
307
308
309
310
313
315
316
317
351
352
393
394
395
396
397
398
8001
8002
8003
8004
8005
9001
9002
9003
9005
9006
9009
9012
10005
11004
11005
20001
20002
20003
20005
20006
20008
20009
20011
20016
20018
20023
20025
20029
20030
20041
20047
20049
20050
20051
20052
20084
20086
20087
20090
20095
20340
20341
20342
20343
20344
20345
20346
20347
20349
20354
20355
20357
20358
20406


Map: metin2_map_c3
305
306
307
308
331
332
333
334
401
402
403
404
405
406
407
408
409
410
411
431
432
433
434
435
436
453
454
455
456
491
492
493
494
501
502
503
504
505
506
507
531
532
533
534
551
552
553
554
591
8005
8006
8007
9001
9002
9003
9005
9006
9012
10006
10024
10071
11004
11005
20009
20010
20012
20014
20015
20016
20017
20019
20020
20021
20022
20024
20025
20029
20030
20042
20047
20049
20050
20051
20052
20053
20054
20093
20349
20364


Map: metin2_map_guild_03
127
128
129
130
131
132
133
134
135
136
9012
10023
20047
20052
20053
20054
20055
20056
20057


Map: metin2_map_monkey_dungeon_13
5001
5002
5003
5004
5005
5006
5007
5101
5103
5104
5161
10072
10501
10502
10503
10504
10505
10506
10507
10508
10509
10510
10511
10512
10513
10514
10515
10516
10517
10518
10519
10520
10521
10522
10523
10524
20352


Map: metin2_guild_village_03
9003
9005
9012
20016


Map: map_n_snowm_01
901
902
903
904
905
906
907
908
909
910
911
912
913
933
936
1101
1102
1103
1104
1105
1106
1107
1108
1109
1110
1111
1112
1113
1171
1901
8011
8013
9012
10007
10009
10011
10026
20047
20054
20055
20056
20057
20058
20059
20097
20098
20099
20359
20371


Map: metin2_map_n_flame_01
2201
2202
2203
2204
2205
2206
2207
2208
2209
2291
8014
9012
10008
10010
10012
10061
20047
20055
20056
20057
20058
20059
20097
20098
20099
20394


Map: metin2_map_n_desert_01
1301
1302
1303
1304
1305
1306
1307
1308
1309
1310
2001
2002
2003
2004
2005
2006
2007
2008
2009
2105
2107
2108
2131
2158
2191
4071
4072
4074
4075
6002
6003
6004
8008
8009
8010
9012
10008
10010
10012
10016
10029
10074
10076
20047
20052
20053
20054
20055
20056
20057
20097
20098
20099


Map: map_n_threeway
531
532
533
534
601
602
603
604
605
606
607
608
609
610
611
612
613
614
615
616
617
634
635
636
637
651
652
653
654
655
656
657
658
691
701
702
703
704
705
706
707
708
709
710
711
712
751
8009
9012
10007
10009
10011
10013
20047
20052
20053
20054
20055
20056
20091
20093
20097
20098
20099
20353
20356


Map: metin2_map_milgyo
714
715
716
717
718
719
720
721
725
726
735
737
774
775
776
777
791
1302
1304
1305
1332
2101
2102
2103
2104
2105
2106
2107
2108
2109
9012
10014
20047
20054
20055
20056
20057
20058
20059
20097
20098
20099
20348
20363
20367
20369
20370


Map: metin2_map_deviltower1
1001
1002
1003
1004
1031
1032
8015


Map: metin2_map_trent
2301
2302
2303
2304
2305
2306
2307
2308
2309
2310
2311
2312
2313
8024
8025
9012
10025
10028
10065


Map: metin2_map_trent02
2307
2311
2320
2321
2322
2323
2324
2325
2326
2327
2328
2329
2330
2331
2332
2333
8026
8027
9012
10027
10066
20096


Map: metin2_map_WL_01
127
128
129
130
131
132
133
134
135
136
1401
1501
1502
1503
1601
1602
9012
10030
10032


Map: metin2_map_nusluck01
1401
1402
1403
1601
1602
1603
8024
8025
10031


Map: metin2_map_spiderdungeon_02
2051
2052
2053
2054
2055
2056
2057
2058
2059
2060
2061
2062
2063
2065
2066
2067
2068
2069
2093
10098
20089


Map: metin2_map_skipia_dungeon_01
1192
2401
2402
2403
2404
2405
2406
2407
2408
2409
2410
2411
2412
2413
2414
2415
2416
2417
2418
10078
10080
30123
30124
30125
30126
30127


Map: metin2_map_skipia_dungeon_02
2415
2416
2417
2418
2421
2422
2423
2424
2425
2426
2427
2491
10079
30121
30122
30128


Map: metin2_map_wedding_01
9011
20351


Map: metin2_map_fielddungeon


Map: metin2_map_resources_zon


Map: metin2_map_t1
9012


Map: metin2_map_spiderdungeon
2010
2011
2012
2013
2014
2015
2016
2017
2018
2034
2036
2091
10015
20088
20362
20365


Map: metin2_map_t2


Map: metin2_map_monkey_dungeon
20352


Map: metin2_map_monkey_dungeon2
5009
5010
5011
5012
5013
5014
5015
5016
5114
5115
5162
10073
10601
10602
10603
10604
10605
10606
10607
10608
10609
10610
10611
10612
10613
10614
10615
10616
10617
10618
10619
10620
10621
10622
10623
10624
10625
10626
20360
20361


Map: metin2_map_monkey_dungeon3
5019
5020
5021
5022
5023
5024
5025
5026
5027
5124
5125
5126
5151
5152
5153
5154
5155
5156
5163
10075
10701
10702
10703
10704
10705
10706
10707
10708
10709
10710
10711
10712
10713
10714
10715
10716
10717
10718
10719
10720
10721
10722
10723
10724
10725
10726


Map: metin2_map_t3


Map: metin2_map_t4


Map: metin2_map_duel


Map: metin2_map_oxevent
20358


Map: metin2_map_sungzi


Map: metin2_map_sungzi_flame_hill_01


Map: metin2_map_sungzi_flame_hill_02


Map: metin2_map_sungzi_flame_hill_03


Map: metin2_map_sungzi_snow


Map: metin2_map_sungzi_snow_pass01
20081


Map: metin2_map_sungzi_snow_pass02
20081


Map: metin2_map_sungzi_snow_pass03
20081


Map: metin2_map_sungzi_desert_01
2191


Map: metin2_map_sungzi_desert_hill_01


Map: metin2_map_sungzi_desert_hill_02


Map: metin2_map_sungzi_desert_hill_03


Map: metin2_map_empirewar01
9012
11100
11101
11106
11107


Map: metin2_map_empirewar02
9012
11104
11105
11109
11110
11111


Map: metin2_map_empirewar03
9012
11102
11103
11108
11109


Map: gm_guild_build
11001
11003
11005


Map: metin2_map_skipia_dungeon_boss
2412
2414
2425
2426
2427
8031
8032
8033
8034
30121


Map: metin2_map_devilcatacomb
2501
2502
2503
2504
2505
2506
2507
2508
30101


Map: metin2_map_spiderdungeon_03
2071
2072
2073
2074
2075
2076
2077
2078
2079
10097
30130


Map: Metin2_map_CapeDragonHead
3001
3002
3003
3004
3005
3006
3007
3021
3022
3023
3024
3025
3026
3027
3051
3052
3053
3054
3055
3056
3057
3090
3091
3202
3203
3204
3205
3290
3291
3502
3503
3504
3505
3590
8051
8052
9001
9002
9003
9005
9009
9012
10101
10103
20001
20004
20010
20016
20017
20025
20029
20030
20047
20057
20058
20059
20349
20373
20377
20378
20380
20381
20382
20383
20406
30301
30302
30303
30304
30305


Map: metin2_map_dawnmistwood
3011
3012
3013
3014
3015
3016
3017
3031
3032
3033
3034
3035
3036
3037
3091
3092
3093
3094
3095
3096
3097
3302
3303
3304
3305
3390
3391
3802
3803
3804
3805
3890
3891
3905
3906
3907
3908
3909
3910
3911
3912
3913
8054
8056
10104
20047
20057
20058
20059
20374
20375
30301
30302
30303
30304
30305


Map: metin2_map_BayBlackSand
3041
3042
3043
3044
3045
3046
3047
3051
3052
3053
3054
3055
3056
3057
3071
3072
3073
3074
3075
3076
3077
3402
3403
3404
3405
3490
3491
3502
3503
3504
3505
3590
3591
3602
3603
3604
3605
3690
3691
8052
8053
10100
20047
20057
20058
20059
20374
20375
20379
30301
30302
30303
30304
30305


Map: metin2_map_Mt_Thunder
3011
3012
3013
3014
3015
3016
3017
3061
3062
3063
3064
3065
3066
3067
3081
3082
3083
3084
3085
3086
3087
3102
3103
3104
3105
3190
3191
3552
3553
3554
3555
3595
3596
3702
3703
3704
3705
3790
3791
3904
8054
8055
10102
10105
20047
20057
20058
20059
30301
30302
30303
30304
30305


Map: metin2_map_n_flame_dungeon_01
6001
6002
6003
6004
6005
6006
6007
6008
6009
6091
20385
20390
20393


